# Fix print output for fix def1
-0.000999999999999453 -11.8684445118672 -3.93000586882327 -0
-0.0019999999999997 -24.0841789082155 -7.93589911203759 -0
-0.00299999999999954 -36.5456902361458 -11.9695282667032 -0
-0.00399999999999979 -49.2321735363002 -16.0277407751422 -0
-0.00499999999999964 -62.1651227806137 -20.111669585061 -0
-0.00599999999999948 -75.3453101254114 -24.2246346714501 -0
-0.00699999999999973 -88.7752754711309 -28.3666368096107 -0
-0.00799999999999958 -102.458958460004 -32.5370914211091 -0
-0.00899999999999943 -116.402411660398 -36.7391653223659 -0
-0.00999999999999967 -130.605890352777 -40.9759058913202 -0
-0.0109999999999995 -145.081247368544 -45.227335871102 -0
-0.0119999999999998 -159.834022682622 -49.5198826794063 -0
-0.0129999999999996 -174.858621608186 -53.8345430368405 -0
-0.0139999999999995 -190.168264982959 -58.1816844877115 -0
-0.0149999999999997 -205.762846958058 -62.5580083102842 -0
-0.0159999999999995 -221.654565996652 -66.9651335307123 -0
-0.0169999999999996 -237.84052646913 -71.397984757072 -0
-0.0179999999999996 -254.333142676481 -75.8670209697493 -0
-0.0189999999999995 -271.126111574377 -80.3608650824006 -0
-0.0199999999999997 -288.241404237828 -84.8907419210537 -0
-0.0209999999999996 -305.670000473377 -89.4451716033228 -0
-0.0219999999999994 -323.428553267367 -94.0354259598526 -0
-0.0229999999999997 -341.509530705094 -98.652846325062 -0
-0.0239999999999995 -359.935451726439 -103.304435300193 -0
-0.0249999999999998 -378.703887038054 -107.98508452375 -0
-0.0259999999999996 -397.810941345506 -112.696838060976 -0
-0.0269999999999995 -417.280076947955 -117.443216007644 -0
-0.0279999999999997 -437.113228326272 -122.222255921959 -0
-0.0289999999999996 -457.313965274359 -127.025549724261 -0
-0.0299999999999996 -477.878112638194 -131.863465925616 -0
-0.0309999999999996 -498.824296501711 -136.732961963103 -0
-0.0319999999999995 -520.157787971065 -141.637777135651 -0
-0.0329999999999997 -541.888852950662 -146.577127430965 -0
-0.0339999999999996 -564.02160539046 -151.548840008925 -0
-0.0349999999999994 -586.555252491565 -156.547857029469 -0
-0.0359999999999997 -609.50445754466 -161.5812335091 -0
-0.0369999999999995 -632.879449665795 -166.648971654575 -0
-0.0379999999999996 -656.677718963632 -171.748154381068 -0
-0.0389999999999996 -680.9168084831 -176.884173786774 -0
-0.0399999999999995 -705.602892623983 -182.046532044776 -0
-0.0409999999999997 -730.737483302801 -187.254049491197 -0
-0.0419999999999996 -756.332004857502 -192.490005608061 -0
-0.0429999999999996 -782.394767816879 -197.755130365904 -0
-0.0439999999999997 -808.936948186269 -203.059888121794 -0
-0.0449999999999995 -835.959034883314 -208.392993025305 -0
-0.0459999999999995 -863.480107598814 -213.770555163168 -0
-0.0469999999999996 -891.499883476627 -219.17476293137 -0
-0.0479999999999994 -920.033445452013 -224.617181881261 -0
-0.0489999999999997 -949.081432046373 -230.094792866226 -0
-0.0499999999999995 -978.666871583917 -235.611018135644 -0
-0.0509999999999996 -1008.78643536896 -241.155273672936 -0
-0.0519999999999996 -1039.4518123834 -246.736351609177 -0
-0.0529999999999995 -1070.67726207359 -252.354885044369 -0
-0.0539999999999997 -1102.4749558775 -258.016244380468 -0
-0.0549999999999996 -1134.84756405789 -263.706357903765 -0
-0.0559999999999996 -1167.80342346197 -269.426960087928 -0
-0.0569999999999997 -1201.36367539986 -275.194876904889 -0
-0.0579999999999995 -1235.53267714517 -280.989710956958 -0
-0.0589999999999996 -1270.31743876215 -286.830157253085 -0
-0.0599999999999996 -1305.73584555077 -292.702253382583 -0
-0.0609999999999995 -1341.79359101908 -298.613200508436 -0
-0.0619999999999997 -1378.50596917039 -304.557877603351 -0
-0.0629999999999995 -1415.88534955908 -310.547175862993 -0
-0.0639999999999996 -1453.93387609566 -316.566661027753 -0
-0.0649999999999996 -1492.68294915053 -322.629809212125 -0
-0.0659999999999995 -1532.12055126221 -328.72838110328 -0
-0.0669999999999995 -1572.28004470658 -334.863690632365 -0
-0.0679999999999996 -1613.1644278913 -341.03495842905 -0
-0.0689999999999996 -1654.78491311749 -347.248911733819 -0
-0.0699999999999997 -1697.15869203898 -353.502586264561 -0
-0.0709999999999995 -1740.29772128965 -359.795000868522 -0
-0.0719999999999996 -1784.21767656894 -366.125720364926 -0
-0.0729999999999996 -1828.92977019141 -372.497338138955 -0
-0.0739999999999995 -1874.44682112027 -378.901263965007 -0
-0.0749999999999995 -1920.78923482795 -385.350147621418 -0
-0.0759999999999995 -1967.96308030727 -391.84197610535 -0
-0.0769999999999996 -2015.98544753021 -398.370583445323 -0
-0.0779999999999996 -2064.87944631718 -404.939838977314 -0
-0.0789999999999995 -2114.65786022706 -411.550782481076 -0
-0.0799999999999995 -2165.3319546548 -418.200422254261 -0
-0.0809999999999996 -2216.91791853078 -424.892574527055 -0
-0.0819999999999996 -2269.43407526241 -431.624337774323 -0
-0.0829999999999997 -2322.8969000426 -438.396721204517 -0
-0.0839999999999995 -2377.31573067813 -445.20696997906 -0
-0.0849999999999996 -2432.72592919018 -452.067209145547 -0
-0.0859999999999996 -2489.1296664183 -458.963956359747 -0
-0.0869999999999995 -2546.54722029472 -465.905374431713 -0
-0.0879999999999995 -2604.99966073113 -472.886407239633 -0
-0.0889999999999996 -2664.50888309226 -479.910821360404 -0
-0.0899999999999996 -2725.08742134465 -486.973494066582 -0
-0.0909999999999997 -2786.7576802507 -494.087662984292 -0
-0.0919999999999995 -2849.53710246329 -501.239831525524 -0
-0.0929999999999995 -2913.44908051224 -508.438295980236 -0
-0.0939999999999996 -2978.50912721958 -515.673442940474 -0
-0.0949999999999996 -3044.75063991225 -522.95859284168 -0
-0.0959999999999995 -3112.16873233063 -530.283113990569 -0
-0.0969999999999995 -3180.81585532976 -537.654048518546 -0
-0.0979999999999996 -3250.69325924228 -545.065294104291 -0
-0.0989999999999996 -3321.8278552061 -552.530974056886 -0
-0.0999999999999995 -3394.2472459058 -560.027219983132 -0
